     0/149     1.38G    0.1029    0.0889         0    0.1918       113       416   0.00807    0.2574   0.00293 0.0003894    0.0872   0.05847         0
     1/149      1.4G   0.09698   0.08983         0    0.1868       128       416  0.007683    0.2426  0.002564 0.0003944   0.08524   0.06043         0
     2/149      1.4G   0.09602   0.08923         0    0.1853       122       416   0.01127   0.03846  0.003169  0.000437   0.08518   0.06078         0
     3/149      1.4G   0.09521   0.09203         0    0.1872       137       416   0.00837    0.2189  0.003206 0.0004845   0.08956   0.05762         0
     4/149      1.4G   0.09476   0.09086         0    0.1856       138       416  0.006861    0.3254  0.002409 0.0004018   0.09189   0.05774         0
     5/149      1.4G   0.09343   0.09417         0    0.1876       110       416  0.009575    0.1243  0.004206 0.0006342   0.08575   0.06135         0
     6/149      1.4G   0.09254   0.09347         0     0.186       130       416   0.08545   0.03846   0.01036  0.002449   0.08396    0.0603         0
     7/149      1.4G   0.09153   0.09059         0    0.1821       108       416   0.06134    0.1124   0.02182  0.004118   0.08381   0.06069         0
     8/149      1.4G    0.0888   0.09051         0    0.1793       155       416    0.1542    0.2071   0.07936   0.01986   0.07957   0.05808         0
     9/149      1.4G   0.08472   0.08829         0     0.173       159       416   0.04669    0.1746    0.0244  0.003964   0.08083   0.07633         0
    10/149      1.4G   0.08079   0.08797         0    0.1688       120       416   0.03036    0.2604   0.01537  0.002885   0.08052   0.07153         0
    11/149      1.4G   0.07759   0.08843         0     0.166       123       416   0.04615   0.07396   0.01179  0.001935    0.0896    0.0535         0
    12/149      1.4G   0.07596   0.08962         0    0.1656       120       416     0.229    0.2456    0.1172   0.02733   0.07963   0.05494         0
    13/149      1.4G   0.07514    0.0896         0    0.1647        99       416    0.2381     0.355    0.1767   0.03975   0.07173    0.0526         0
    14/149      1.4G    0.0714   0.08896         0    0.1604       167       416    0.2388    0.4083    0.1941    0.0381   0.07189   0.05274         0
    15/149      1.4G   0.07029   0.08986         0    0.1601        94       416   0.07585   0.03846   0.01559  0.004088   0.08309   0.06424         0
    16/149      1.4G   0.06855   0.08674         0    0.1553       117       416    0.3364    0.2781    0.2264   0.07912   0.06859   0.05439         0
    17/149      1.4G   0.06787   0.08524         0    0.1531        96       416    0.2691    0.3107    0.1929   0.04919   0.07048   0.05362         0
    18/149      1.4G    0.0658   0.08634         0    0.1521        78       416    0.5081    0.4822    0.4339    0.1339   0.06169   0.04948         0
    19/149      1.4G   0.06528   0.08352         0    0.1488       101       416    0.4582    0.5554    0.4515    0.1497   0.05746   0.05137         0
    20/149      1.4G   0.06409   0.08486         0    0.1489       153       416    0.4761    0.3846    0.3561   0.08345   0.06378   0.04651         0
    21/149      1.4G   0.06345   0.08649         0    0.1499       105       416    0.4202    0.4083    0.3527    0.1133   0.06438   0.04997         0
    22/149      1.4G   0.06279   0.08475         0    0.1475       121       416    0.2696    0.2633    0.1507   0.03646    0.0793   0.04628         0
    23/149      1.4G    0.0618   0.08392         0    0.1457       153       416    0.3785    0.3846    0.2704   0.06596    0.0713   0.04511         0
    24/149      1.4G   0.06145   0.08434         0    0.1458        88       416    0.6366    0.5473    0.5531    0.1879   0.05566   0.04636         0
    25/149      1.4G   0.06056    0.0845         0    0.1451       150       416    0.5809    0.4645    0.4754    0.1495   0.06003   0.04633         0
    26/149      1.4G   0.06006   0.08525         0    0.1453       175       416    0.5614     0.568     0.526    0.1825   0.05463   0.04609         0
    27/149      1.4G   0.05937   0.08421         0    0.1436       117       416    0.6258    0.6509    0.6327    0.2532    0.0503   0.04433         0
    28/149      1.4G   0.05927   0.08183         0    0.1411        98       416    0.6104    0.6686    0.5995    0.1955   0.05464   0.04438         0
    29/149      1.4G   0.05953   0.08267         0    0.1422       187       416    0.6039    0.5385    0.5429    0.1682   0.05851   0.04422         0
    30/149      1.4G   0.05768   0.08101         0    0.1387       212       416     0.453    0.4556     0.406    0.1204   0.06497   0.04321         0
    31/149      1.4G   0.05718   0.08293         0    0.1401       131       416    0.6643    0.5912    0.6272     0.226   0.05362    0.0445         0
    32/149      1.4G   0.05762   0.08345         0    0.1411       119       416    0.6559    0.5828    0.6204    0.1969   0.05589   0.04209         0
    33/149      1.4G   0.05651    0.0817         0    0.1382       108       416    0.5943    0.5562    0.5428    0.1325   0.06028   0.04285         0
    34/149      1.4G   0.05631    0.0785         0    0.1348        96       416    0.6274    0.5296    0.5185    0.1328   0.06075   0.04191         0
    35/149      1.4G    0.0574   0.08138         0    0.1388       131       416    0.6191    0.6331    0.6187    0.2127   0.05405    0.0428         0
    36/149      1.4G   0.05605   0.08205         0    0.1381       167       416    0.7221    0.6331    0.6782    0.2311   0.05294   0.04331         0
    37/149      1.4G    0.0552   0.07965         0    0.1348       102       416     0.688    0.6785    0.7074    0.2937   0.04824   0.04391         0
    38/149      1.4G   0.05524   0.08036         0    0.1356       131       416    0.5645    0.5917    0.5542    0.1884    0.0574   0.04261         0
    39/149      1.4G   0.05607   0.07765         0    0.1337       107       416    0.7142     0.621    0.6653    0.2659   0.05026   0.04131         0
    40/149      1.4G   0.05454   0.08055         0    0.1351       136       416    0.6963    0.6241    0.6537    0.2172   0.05438   0.04318         0
    41/149      1.4G   0.05421   0.07759         0    0.1318       154       416    0.6097    0.6657    0.6362    0.2358   0.05235    0.0415         0
    42/149      1.4G   0.05409   0.07965         0    0.1337       106       416      0.69    0.5991    0.6588    0.2363   0.05363   0.04289         0
    43/149      1.4G   0.05375    0.0766         0    0.1304       124       416    0.6292     0.645     0.629    0.1974   0.05581   0.04362         0
    44/149      1.4G   0.05331   0.07671         0      0.13       120       416     0.693    0.5651    0.6096    0.1756   0.05753   0.03996         0
    45/149      1.4G   0.05348   0.07701         0    0.1305       135       416    0.6773     0.621    0.6375    0.1949   0.05499   0.04136         0
    46/149      1.4G   0.05319   0.07824         0    0.1314       119       416    0.6608    0.6801    0.6805    0.2386   0.05168   0.04074         0
    47/149      1.4G   0.05351   0.07889         0    0.1324       153       416    0.6208    0.5377    0.5467    0.1397   0.06025   0.04071         0
    48/149      1.4G   0.05276   0.07596         0    0.1287       115       416    0.6839    0.6361    0.6822    0.2546   0.05254    0.0403         0
    49/149      1.4G   0.05207   0.07796         0      0.13       114       416    0.7284    0.6269    0.6722    0.2086    0.0547   0.04231         0
    50/149      1.4G   0.05187   0.07515         0     0.127       102       416    0.7261    0.6391    0.6875    0.2499   0.05177   0.04165         0
    51/149      1.4G   0.05189   0.07409         0     0.126       107       416    0.6714    0.6834    0.6806     0.241   0.05208   0.04181         0
    52/149      1.4G   0.05245   0.07821         0    0.1307       124       416    0.6993     0.716    0.7378    0.3107     0.047   0.04038         0
    53/149      1.4G   0.05168   0.07604         0    0.1277       101       416    0.7192    0.6291    0.6941    0.2318     0.054   0.04089         0
    54/149      1.4G   0.05158   0.07562         0    0.1272       141       416    0.7312    0.6921    0.7144    0.2376   0.05213   0.04019         0
    55/149      1.4G   0.05138   0.07722         0    0.1286       114       416    0.7043    0.6716    0.7151    0.2411   0.05244   0.03992         0
    56/149      1.4G   0.05163    0.0747         0    0.1263       121       416    0.6945    0.6538    0.6727    0.2364   0.05256   0.04028         0
    57/149      1.4G   0.05128   0.07601         0    0.1273        94       416    0.6662    0.7041    0.7077    0.2477   0.05211    0.0392         0
    58/149      1.4G   0.05062   0.07539         0     0.126       133       416    0.7265     0.668     0.734    0.2607   0.05107   0.03965         0
    59/149      1.4G   0.05025   0.07414         0    0.1244       128       416    0.6831    0.6775    0.6575    0.2136   0.05183   0.03977         0
    60/149      1.4G   0.05013   0.07312         0    0.1232       103       416    0.7394    0.6801    0.7335    0.3083   0.04752   0.04098         0
    61/149      1.4G   0.05074   0.07364         0    0.1244       104       416    0.6847    0.5651    0.6281    0.1907   0.05791   0.04067         0
    62/149      1.4G   0.05012   0.07501         0    0.1251       127       416     0.703    0.6301      0.65    0.2015   0.05672    0.0399         0
    63/149      1.4G   0.04953   0.07476         0    0.1243       148       416    0.6787    0.7189    0.7424    0.3001   0.04877   0.03974         0
    64/149      1.4G   0.04985   0.07368         0    0.1235       106       416    0.6839    0.6923    0.7096    0.2268   0.05305    0.0397         0
    65/149      1.4G   0.04945   0.07307         0    0.1225       111       416    0.7237    0.7544    0.7618    0.2691    0.0505   0.03826         0
    66/149      1.4G    0.0489   0.07431         0    0.1232       113       416    0.7418    0.6982    0.7493    0.2732      0.05    0.0383         0
    67/149      1.4G   0.04958   0.07319         0    0.1228        68       416    0.7243    0.7071    0.7446    0.2719   0.05027   0.03966         0
    68/149      1.4G    0.0491   0.07335         0    0.1224       139       416    0.7174    0.7367     0.781    0.2924   0.04937   0.03807         0
    69/149      1.4G   0.04902   0.07385         0    0.1229       123       416    0.7188    0.7751    0.7633    0.2804   0.04945   0.03792         0
    70/149      1.4G   0.04827    0.0729         0    0.1212       152       416    0.7297    0.7278    0.7781    0.3215    0.0467    0.0395         0
    71/149      1.4G   0.04898   0.07344         0    0.1224       151       416    0.6962    0.6915    0.7266    0.2366   0.05315   0.03845         0
    72/149      1.4G   0.04812   0.07147         0    0.1196       138       416    0.7508     0.713    0.7604    0.2867   0.05002   0.03836         0
    73/149      1.4G   0.04775   0.07217         0    0.1199       173       416    0.7523    0.6479    0.7386    0.2558   0.05307   0.03873         0
    74/149      1.4G   0.04779   0.07032         0    0.1181       121       416    0.7302    0.7127    0.7866    0.3123   0.04845    0.0379         0
    75/149      1.4G   0.04788    0.0727         0    0.1206       122       416     0.715    0.7426    0.7704    0.3098   0.04861   0.03969         0
    76/149      1.4G   0.04802   0.07105         0    0.1191       126       416    0.7588    0.6805    0.7434    0.2768   0.05094   0.03883         0
    77/149      1.4G   0.04756   0.07157         0    0.1191       121       416    0.7751    0.7071     0.783    0.2992    0.0489   0.03858         0
    78/149      1.4G   0.04758    0.0705         0    0.1181       129       416    0.7664    0.7189    0.7928    0.3202   0.04706   0.03775         0
    79/149      1.4G   0.04721   0.07162         0    0.1188       117       416    0.7364    0.7456    0.7706    0.2955   0.04917   0.03925         0
    80/149      1.4G   0.04763   0.07388         0    0.1215       142       416     0.759     0.736    0.7724    0.2891   0.04946   0.03871         0
    81/149      1.4G   0.04687   0.07287         0    0.1197       190       416    0.7593    0.7189    0.7997     0.329   0.04668   0.03755         0
    82/149      1.4G   0.04719   0.07298         0    0.1202       132       416    0.7354    0.7481    0.7997     0.304   0.04859   0.03799         0
    83/149      1.4G   0.04667   0.06997         0    0.1166       131       416    0.7245    0.7396    0.7666    0.2893   0.04924   0.03902         0
    84/149      1.4G   0.04658   0.06969         0    0.1163       124       416    0.6879     0.763    0.7706    0.3033   0.04865   0.03913         0
    85/149      1.4G    0.0462   0.06741         0    0.1136        94       416    0.7197    0.7598    0.7806    0.3223   0.04728   0.03855         0
    86/149      1.4G   0.04639   0.06988         0    0.1163       131       416    0.7163    0.7219    0.7649    0.2756   0.05099   0.03852         0
    87/149      1.4G   0.04649   0.07059         0    0.1171        87       416    0.7921    0.7219    0.8061    0.3155   0.04762   0.03703         0
    88/149      1.4G   0.04602   0.06866         0    0.1147        99       416    0.7742    0.7515    0.7986    0.3049   0.04872   0.03736         0
    89/149      1.4G   0.04617   0.06916         0    0.1153       146       416    0.7013    0.7987    0.7959     0.305   0.04836   0.03704         0
    90/149      1.4G   0.04588   0.06874         0    0.1146       125       416    0.7683     0.775    0.8193    0.3335   0.04606   0.03711         0
    91/149      1.4G   0.04574   0.06987         0    0.1156       117       416     0.787    0.7337    0.8113    0.3437   0.04577   0.03778         0
    92/149      1.4G   0.04579   0.06895         0    0.1147       139       416    0.7354    0.7988    0.8063    0.3269   0.04665   0.03865         0
    93/149      1.4G    0.0459   0.07079         0    0.1167       122       416    0.7811    0.7189    0.7721    0.2752   0.05148   0.03717         0
    94/149      1.4G    0.0459   0.06945         0    0.1153       120       416    0.8117    0.7308    0.8168    0.3259   0.04762   0.03619         0
    95/149      1.4G   0.04581   0.06894         0    0.1147       104       416    0.7462    0.7483    0.7912    0.2905    0.0497   0.03795         0
    96/149      1.4G    0.0455   0.07169         0    0.1172        91       416     0.796     0.716       0.8    0.2798   0.05089    0.0369         0
    97/149      1.4G   0.04508   0.06676         0    0.1118       109       416    0.7625    0.7337    0.7806    0.2883   0.05014   0.03674         0
    98/149      1.4G   0.04488   0.06795         0    0.1128       138       416    0.7987    0.7393    0.7991    0.3119    0.0486   0.03827         0
    99/149      1.4G   0.04475   0.06753         0    0.1123       133       416    0.7915    0.7751    0.8325    0.3193   0.04814     0.037         0
   100/149      1.4G   0.04436   0.06699         0    0.1114       124       416    0.7407    0.7959    0.8081    0.3198   0.04719    0.0376         0
   101/149      1.4G   0.04473   0.06826         0     0.113       118       416    0.8039    0.7277    0.8049    0.3009   0.04884   0.03615         0
   102/149      1.4G    0.0445   0.06768         0    0.1122       134       416    0.7847    0.7337    0.8047    0.3212   0.04685   0.03848         0
   103/149      1.4G   0.04461   0.06726         0    0.1119        83       416    0.7547    0.8195    0.8311    0.3432   0.04621   0.03629         0
   104/149      1.4G   0.04419   0.06667         0    0.1109       138       416    0.7736    0.7485    0.8062    0.3291   0.04727   0.03589         0
   105/149      1.4G   0.04362   0.06556         0    0.1092       121       416    0.7706    0.7951    0.8005    0.3112   0.04843   0.03709         0
   106/149      1.4G   0.04419   0.07065         0    0.1148       165       416    0.7681    0.7838    0.8069    0.3015   0.04861    0.0373         0
   107/149      1.4G   0.04409   0.06762         0    0.1117       122       416    0.7119     0.775    0.7803    0.3178   0.04779   0.03707         0
   108/149      1.4G   0.04383   0.06653         0    0.1104       135       416    0.7521    0.7897    0.8061     0.323   0.04741   0.03657         0
   109/149      1.4G   0.04354   0.06664         0    0.1102       129       416     0.788    0.7807    0.8086    0.3387   0.04668   0.03599         0
   110/149      1.4G   0.04406    0.0685         0    0.1126       196       416    0.8058    0.7515    0.7952    0.2904    0.0502   0.03663         0
   111/149      1.4G   0.04361   0.06463         0    0.1082       183       416    0.7852    0.7899    0.8105    0.3186   0.04717    0.0364         0
   112/149      1.4G   0.04335   0.06432         0    0.1077       151       416    0.7776    0.7663    0.8038     0.322   0.04683   0.03716         0
   113/149      1.4G   0.04335   0.06648         0    0.1098       137       416    0.7982    0.7721     0.824    0.3218   0.04805   0.03564         0
   114/149      1.4G   0.04337   0.06564         0     0.109       128       416    0.7217    0.8136    0.7864    0.2981   0.04906   0.03646         0
   115/149      1.4G   0.04255   0.06374         0    0.1063        81       416    0.7751     0.787    0.8082    0.3199   0.04801   0.03565         0
   116/149      1.4G   0.04295   0.06535         0    0.1083       128       416    0.8346    0.7781    0.8276    0.3267   0.04652    0.0356         0
   117/149      1.4G   0.04279   0.06575         0    0.1085        94       416    0.8046    0.7929     0.827    0.3253   0.04676   0.03634         0
   118/149      1.4G   0.04262   0.06544         0    0.1081       106       416    0.8411    0.7692    0.8336    0.3369   0.04587   0.03562         0
   119/149      1.4G   0.04297   0.06602         0     0.109       126       416       0.8    0.8164    0.8436    0.3667   0.04438   0.03567         0
   120/149      1.4G   0.04288   0.06551         0    0.1084        94       416     0.825    0.8107    0.8591     0.345   0.04571   0.03575         0
   121/149      1.4G   0.04284   0.06563         0    0.1085       139       416     0.798    0.8314    0.8382    0.3432   0.04562   0.03598         0
   122/149      1.4G   0.04272    0.0665         0    0.1092       206       416    0.8512    0.7633    0.8444    0.3528   0.04575   0.03534         0
   123/149      1.4G   0.04245   0.06494         0    0.1074       137       416    0.8136     0.775    0.8269     0.351   0.04598   0.03539         0
   124/149      1.4G   0.04226   0.06541         0    0.1077       102       416    0.7896    0.8104    0.8329    0.3178   0.04781   0.03561         0
   125/149      1.4G   0.04249   0.06545         0    0.1079       137       416    0.8123    0.7684    0.8298    0.3083   0.04815   0.03528         0
   126/149      1.4G   0.04233   0.06366         0     0.106       131       416    0.8181    0.7722    0.8496     0.347   0.04606   0.03569         0
   127/149      1.4G    0.0423    0.0659         0    0.1082       128       416    0.7985     0.787    0.8181    0.3314   0.04693   0.03654         0
   128/149      1.4G   0.04203    0.0642         0    0.1062       140       416    0.8476    0.7811    0.8635    0.3611   0.04455   0.03601         0
   129/149      1.4G   0.04202   0.06509         0    0.1071       174       416    0.8181    0.7983    0.8446    0.3446   0.04617   0.03482         0
   130/149      1.4G   0.04151   0.06227         0    0.1038       115       416     0.814    0.7811    0.8381    0.3433   0.04615   0.03567         0
   131/149      1.4G   0.04219   0.06495         0    0.1071        78       416    0.8391    0.7867    0.8458    0.3499   0.04542   0.03543         0
   132/149      1.4G   0.04178   0.06312         0    0.1049       104       416    0.8348    0.7959    0.8555    0.3647   0.04523   0.03482         0
   133/149      1.4G   0.04142   0.06065         0    0.1021       124       416    0.7754    0.8077    0.8365    0.3333   0.04673   0.03495         0
   134/149      1.4G   0.04181    0.0646         0    0.1064       140       416    0.8398    0.7456    0.8395    0.3643   0.04569   0.03556         0
   135/149      1.4G   0.04152   0.06324         0    0.1048       104       416    0.8479    0.7426     0.829    0.3446   0.04647   0.03569         0
   136/149      1.4G    0.0416   0.06458         0    0.1062       137       416     0.806    0.8373    0.8667    0.3506   0.04586   0.03514         0
   137/149      1.4G   0.04076   0.06118         0    0.1019       167       416    0.8172    0.7811    0.8353    0.3431   0.04672   0.03609         0
   138/149      1.4G   0.04098   0.06087         0    0.1019       131       416    0.8317    0.7781    0.8382    0.3416   0.04679   0.03537         0
   139/149      1.4G   0.04131   0.06349         0    0.1048        96       416    0.8431    0.7633    0.8378     0.349   0.04574   0.03535         0
   140/149      1.4G   0.04131   0.06365         0     0.105       115       416    0.8328    0.8136    0.8534    0.3648   0.04467   0.03512         0
   141/149      1.4G   0.04073   0.06178         0    0.1025       158       416    0.8435    0.7515    0.8225    0.3439   0.04646   0.03529         0
   142/149      1.4G   0.04133   0.06268         0     0.104       146       416    0.8594    0.7781    0.8473    0.3684   0.04533   0.03572         0
   143/149      1.4G   0.04144   0.06274         0    0.1042       112       416    0.8134    0.7865    0.8449     0.356   0.04528    0.0352         0
   144/149      1.4G   0.04126   0.06252         0    0.1038       163       416    0.7799    0.8283    0.8529    0.3403   0.04651   0.03517         0
   145/149      1.4G   0.04076   0.06229         0     0.103       153       416    0.8449    0.8225    0.8739    0.3719   0.04461   0.03404         0
   146/149      1.4G   0.04117   0.06245         0    0.1036       106       416    0.8221    0.7929    0.8643    0.3654   0.04554   0.03462         0
   147/149      1.4G   0.04127   0.06411         0    0.1054       151       416    0.8044    0.7929    0.8423    0.3647   0.04502   0.03421         0
   148/149      1.4G   0.04057   0.06211         0    0.1027       134       416    0.7964    0.7985    0.8284    0.3318   0.04743   0.03555         0
   149/149      1.4G   0.04072   0.06301         0    0.1037       157       416    0.8318    0.8047    0.8412    0.3515   0.04609   0.03529         0
