     0/149     1.37G    0.1045   0.08339         0    0.1879       221       416  0.008746      0.28  0.004056 0.0005908   0.08631   0.05394         0
     1/149     1.39G   0.09792   0.08614         0    0.1841       188       416  0.008886    0.2833  0.003177 0.0004904   0.08441   0.05554         0
     2/149     1.39G   0.09648   0.08661         0    0.1831       130       416   0.01333   0.06333  0.004389 0.0007451    0.0855   0.05526         0
     3/149     1.39G   0.09566   0.09095         0    0.1866       168       416  0.009342    0.1233  0.003634 0.0006604   0.09006   0.05283         0
     4/149     1.39G   0.09433   0.08897         0    0.1833       149       416   0.01842   0.05333  0.006448  0.001054   0.08497   0.05716         0
     5/149     1.39G    0.0935    0.0901         0    0.1836       194       416    0.0793      0.12   0.03279  0.006247   0.08472   0.05383         0
     6/149     1.39G   0.09145   0.08545         0    0.1769       149       416   0.07295    0.2167   0.04122  0.008011   0.08333   0.06643         0
     7/149     1.39G   0.08846   0.08385         0    0.1723       242       416   0.04607      0.08   0.01555  0.002838   0.08529    0.0604         0
     8/149     1.39G   0.08491   0.08216         0    0.1671       202       416    0.2205    0.3467    0.1661   0.03574   0.07141   0.05489         0
     9/149     1.39G   0.08134   0.07935         0    0.1607       154       416    0.1853      0.28    0.1191   0.02825   0.07471     0.052         0
    10/149     1.39G   0.07933   0.07922         0    0.1586       156       416   0.01418      0.01  0.001338 0.0003057    0.1084   0.05932         0
    11/149     1.39G    0.0762   0.07914         0    0.1553       150       416    0.3091       0.4    0.2391   0.05718   0.06985   0.04492         0
    12/149     1.39G   0.07521   0.08032         0    0.1555       199       416    0.2291    0.3767    0.1493   0.03606   0.06987   0.04739         0
    13/149     1.39G   0.07455    0.0811         0    0.1557       183       416    0.3962      0.39    0.3204   0.09025   0.07246   0.04162         0
    14/149     1.39G   0.07295    0.0776         0    0.1505       213       416     0.273    0.5533    0.2149   0.06436   0.06105    0.0551         0
    15/149     1.39G   0.07048   0.07809         0    0.1486       170       416     0.164    0.1667   0.06844    0.0167   0.08104   0.04671         0
    16/149     1.39G   0.06909   0.07727         0    0.1464       198       416    0.2243    0.5032    0.1788    0.0501   0.06081   0.06084         0
    17/149     1.39G   0.06701   0.07743         0    0.1444       197       416     0.587    0.5732    0.5756    0.1983   0.05642   0.04529         0
    18/149     1.39G    0.0649   0.07751         0    0.1424       148       416    0.5929    0.4667    0.4503    0.1546   0.05564   0.04295         0
    19/149     1.39G   0.06521   0.07563         0    0.1408       192       416    0.6114    0.5267    0.5079    0.1555   0.05887   0.03779         0
    20/149     1.39G   0.06446   0.07656         0     0.141       146       416    0.5895    0.5312    0.5014    0.2008   0.05679   0.04173         0
    21/149     1.39G   0.06311   0.07526         0    0.1384       165       416    0.6188    0.5629    0.5517     0.158   0.05838   0.03785         0
    22/149     1.39G   0.06239   0.07625         0    0.1386       197       416    0.6484    0.5963    0.6017    0.2197   0.05418   0.04156         0
    23/149     1.39G   0.06195   0.07495         0    0.1369       180       416    0.5674    0.5467    0.5314    0.1984   0.05465    0.0408         0
    24/149     1.39G   0.06132   0.07417         0    0.1355       201       416    0.1634    0.6233    0.1325   0.04494   0.05973   0.04812         0
    25/149     1.39G   0.06029   0.07501         0    0.1353       179       416    0.6952    0.6309    0.6585    0.2343   0.05176   0.03788         0
    26/149     1.39G   0.06005   0.07531         0    0.1354       195       416    0.6789      0.63    0.6531    0.2281   0.05171   0.03743         0
    27/149     1.39G   0.06013   0.07429         0    0.1344       194       416     0.515     0.683    0.4899    0.1679   0.05138   0.04037         0
    28/149     1.39G   0.05974   0.07387         0    0.1336       228       416    0.6362    0.7767    0.6376    0.2386   0.04774   0.03795         0
    29/149     1.39G   0.05793   0.07474         0    0.1327       182       416    0.6888    0.6491    0.6702    0.2603    0.0485   0.03681         0
    30/149     1.39G   0.05788   0.07396         0    0.1318       210       416    0.6348    0.6256    0.5593    0.2177   0.04855   0.03699         0
    31/149     1.39G   0.05834   0.07226         0    0.1306       160       416    0.6249    0.7633    0.6772    0.2625   0.04787   0.04143         0
    32/149     1.39G   0.05721   0.07273         0    0.1299       139       416    0.7107     0.696    0.7146    0.3049   0.04626   0.03598         0
    33/149     1.39G   0.05594   0.07255         0    0.1285       211       416    0.6687    0.6967    0.6445    0.2459   0.04803   0.03926         0
    34/149     1.39G   0.05628    0.0723         0    0.1286       227       416     0.705    0.6932    0.6873    0.2639   0.04843   0.03634         0
    35/149     1.39G   0.05657   0.07294         0    0.1295       151       416    0.7436      0.66    0.7091    0.2792   0.04773   0.03547         0
    36/149     1.39G   0.05574   0.07174         0    0.1275       178       416    0.6428      0.69     0.615    0.2416   0.04924   0.03639         0
    37/149     1.39G   0.05516   0.07041         0    0.1256       194       416    0.7902    0.7032    0.7316    0.3012   0.04635   0.03522         0
    38/149     1.39G   0.05526   0.07293         0    0.1282       170       416    0.7052    0.6867     0.703    0.2739    0.0482   0.03791         0
    39/149     1.39G    0.0554   0.07154         0    0.1269       167       416    0.7095    0.6933    0.6736    0.2904   0.04744    0.0365         0
    40/149     1.39G   0.05435   0.07144         0    0.1258       225       416    0.7196    0.7033    0.6537     0.264   0.04648   0.03561         0
    41/149     1.39G   0.05402   0.06983         0    0.1238       212       416    0.7146      0.76    0.7559    0.2931   0.04706   0.03478         0
    42/149     1.39G   0.05383   0.07177         0    0.1256       185       416    0.6743    0.6626    0.6359    0.2564   0.04679   0.03633         0
    43/149     1.39G   0.05307   0.06858         0    0.1217       155       416    0.7272    0.7198    0.7419    0.3132    0.0463   0.03698         0
    44/149     1.39G   0.05288   0.06966         0    0.1225       164       416     0.698    0.7164    0.6721    0.2726   0.04721     0.037         0
    45/149     1.39G   0.05237   0.07097         0    0.1233       186       416    0.6618      0.68    0.6521    0.2242   0.04907   0.03487         0
    46/149     1.39G    0.0531   0.07082         0    0.1239       210       416    0.6777    0.7288    0.6933    0.2384   0.04834   0.03537         0
    47/149     1.39G   0.05251    0.0698         0    0.1223       187       416    0.7158    0.7222    0.7296    0.2832    0.0467   0.03506         0
    48/149     1.39G   0.05211   0.07152         0    0.1236       172       416    0.6859    0.7353    0.7076     0.306   0.04465   0.04005         0
    49/149     1.39G   0.05191   0.07014         0    0.1221       219       416    0.7186    0.7491    0.7141    0.2947   0.04465   0.03638         0
    50/149     1.39G   0.05154   0.06859         0    0.1201       182       416    0.7638      0.69     0.733    0.3041   0.04571   0.03485         0
    51/149     1.39G   0.05137   0.07051         0    0.1219       238       416    0.7998    0.6791     0.739    0.3189   0.04493   0.03706         0
    52/149     1.39G   0.05111   0.06891         0      0.12       190       416    0.7621    0.6729    0.7308    0.2712   0.04776   0.03428         0
    53/149     1.39G   0.05145   0.06861         0    0.1201       157       416    0.7565     0.663    0.7104    0.2654   0.04759   0.03528         0
    54/149     1.39G   0.05114   0.07075         0    0.1219       180       416    0.7257    0.7233    0.7155    0.2504   0.04826   0.03449         0
    55/149     1.39G   0.05071   0.06909         0    0.1198       205       416    0.7773    0.7329    0.7638    0.3192   0.04511   0.03405         0
    56/149     1.39G   0.05047   0.06917         0    0.1196       182       416      0.77    0.7029    0.7264    0.2918   0.04318   0.03627         0
    57/149     1.39G   0.05097   0.07038         0    0.1214       162       416     0.767      0.79    0.7839    0.3346   0.04421   0.03375         0
    58/149     1.39G    0.0495   0.06977         0    0.1193       138       416    0.7253    0.7233    0.6947     0.299    0.0449   0.03556         0
    59/149     1.39G   0.04957   0.06803         0    0.1176       196       416    0.7633    0.7633    0.7632    0.3374   0.04313   0.03418         0
    60/149     1.39G   0.04948   0.06757         0    0.1171       167       416    0.7467    0.7861     0.756    0.3339   0.04334   0.03448         0
    61/149     1.39G   0.04908   0.06862         0    0.1177       190       416    0.7198    0.7363    0.7182    0.2765   0.04648   0.03589         0
    62/149     1.39G   0.04876   0.06728         0     0.116       204       416    0.7516    0.7765    0.7473    0.3198   0.04447   0.03388         0
    63/149     1.39G   0.04906   0.06886         0    0.1179       156       416    0.7764    0.7294    0.7818    0.3317   0.04461   0.03496         0
    64/149     1.39G   0.04886   0.06828         0    0.1171       172       416     0.736      0.79    0.7859    0.3268   0.04352   0.03546         0
    65/149     1.39G   0.04909    0.0664         0    0.1155       209       416    0.7533    0.7333    0.7209    0.3075   0.04548   0.03477         0
    66/149     1.39G   0.04929   0.06784         0    0.1171       168       416    0.7499    0.7395    0.7327    0.3234   0.04445   0.03433         0
    67/149     1.39G    0.0485   0.06736         0    0.1159       142       416    0.7226    0.7032    0.6878    0.2969   0.04605   0.03682         0
    68/149     1.39G   0.04844   0.06879         0    0.1172       183       416    0.8206    0.7164    0.7623    0.3237   0.04433   0.03398         0
    69/149     1.39G   0.04837   0.06751         0    0.1159       165       416    0.7774    0.7267    0.7775    0.3169   0.04516   0.03396         0
    70/149     1.39G   0.04832   0.06684         0    0.1152       200       416    0.7678    0.7164    0.7559     0.301   0.04452   0.03376         0
    71/149     1.39G   0.04826   0.06713         0    0.1154       156       416    0.7753      0.76    0.7802    0.3339   0.04422   0.03394         0
    72/149     1.39G   0.04768   0.06796         0    0.1156       194       416    0.7674      0.75    0.7671    0.3229   0.04434   0.03396         0
    73/149     1.39G   0.04787   0.06607         0    0.1139       166       416    0.7766    0.7532    0.7972     0.317   0.04506   0.03357         0
    74/149     1.39G   0.04731   0.06443         0    0.1117       152       416    0.7935      0.73    0.7293    0.3099   0.04377   0.03523         0
    75/149     1.39G   0.04736   0.06629         0    0.1137       172       416    0.8051    0.7298    0.7812    0.3155   0.04494   0.03329         0
    76/149     1.39G   0.04705   0.06527         0    0.1123       198       416    0.7815    0.7033    0.7786    0.3299    0.0443   0.03366         0
    77/149     1.39G   0.04745   0.06548         0    0.1129       136       416    0.7958      0.77    0.7777    0.3234   0.04396   0.03316         0
    78/149     1.39G   0.04697   0.06548         0    0.1124       146       416    0.7659    0.7633    0.7536    0.3059    0.0442   0.03478         0
    79/149     1.39G   0.04692   0.06689         0    0.1138       150       416    0.8213    0.7661    0.8027    0.3306   0.04406   0.03248         0
    80/149     1.39G    0.0467   0.06657         0    0.1133       183       416    0.7851    0.7793    0.7953    0.3165   0.04331   0.03343         0
    81/149     1.39G    0.0475   0.06734         0    0.1148       180       416     0.828      0.74    0.7924    0.3511   0.04269   0.03262         0
    82/149     1.39G   0.04642   0.06631         0    0.1127       179       416     0.764    0.7667    0.7733    0.3392   0.04292   0.03259         0
    83/149     1.39G   0.04602   0.06497         0     0.111       188       416    0.8458    0.7499    0.8058    0.3434    0.0427   0.03183         0
    84/149     1.39G   0.04596   0.06405         0      0.11       159       416    0.7821      0.77    0.7792    0.3411   0.04284   0.03339         0
    85/149     1.39G   0.04574   0.06359         0    0.1093       146       416    0.8013    0.7667    0.7915    0.3255   0.04392   0.03282         0
    86/149     1.39G   0.04582   0.06591         0    0.1117       142       416    0.7728    0.7595     0.772     0.305   0.04507   0.03412         0
    87/149     1.39G   0.04591   0.06441         0    0.1103       129       416    0.7615    0.7167    0.7102    0.2693   0.04778   0.03263         0
    88/149     1.39G   0.04548   0.06516         0    0.1106       204       416     0.758     0.783    0.7868    0.3416   0.04277   0.03396         0
    89/149     1.39G   0.04532   0.06451         0    0.1098       166       416    0.8432      0.74    0.8124     0.342   0.04315   0.03241         0
    90/149     1.39G   0.04538   0.06325         0    0.1086       143       416    0.7823      0.75    0.7707    0.3526   0.04281   0.03469         0
    91/149     1.39G   0.04572   0.06421         0    0.1099       249       416    0.7979    0.7632     0.773    0.3447   0.04311   0.03368         0
    92/149     1.39G   0.04464   0.06398         0    0.1086       259       416    0.7911    0.7197    0.7787    0.3625   0.04311   0.03395         0
    93/149     1.39G   0.04502   0.06519         0    0.1102       149       416    0.7911      0.77    0.8045    0.3572   0.04309   0.03332         0
    94/149     1.39G   0.04523   0.06458         0    0.1098       187       416    0.8344    0.7723    0.8108    0.3365   0.04336   0.03274         0
    95/149     1.39G   0.04518   0.06616         0    0.1113       205       416    0.7322    0.7929     0.773      0.32   0.04352   0.03338         0
    96/149     1.39G   0.04467   0.06413         0    0.1088       210       416    0.8076      0.77    0.8012    0.3331   0.04352   0.03357         0
    97/149     1.39G   0.04443   0.06251         0    0.1069       151       416    0.8159    0.7367    0.7901    0.3397   0.04371   0.03316         0
    98/149     1.39G    0.0443   0.06399         0    0.1083       161       416    0.8383    0.7433    0.7823    0.3484   0.04319   0.03272         0
    99/149     1.39G    0.0448   0.06314         0    0.1079       177       416    0.8073      0.77    0.8023     0.367   0.04196   0.03377         0
   100/149     1.39G    0.0438   0.06224         0     0.106       187       416    0.7689     0.743    0.7538    0.3364   0.04417   0.03421         0
   101/149     1.39G   0.04408   0.06376         0    0.1078       213       416    0.8113    0.7333    0.7904    0.3535   0.04287   0.03276         0
   102/149     1.39G   0.04401   0.06203         0     0.106       217       416    0.8082    0.7864    0.8014    0.3269   0.04391   0.03278         0
   103/149     1.39G   0.04393   0.06314         0    0.1071       160       416    0.8093    0.7233    0.7628    0.3476   0.04245   0.03451         0
   104/149     1.39G   0.04366   0.06214         0    0.1058       187       416     0.765    0.7933    0.7919     0.367   0.04212   0.03296         0
   105/149     1.39G   0.04394   0.06386         0    0.1078       154       416    0.7572      0.78    0.7631    0.3386   0.04305   0.03339         0
   106/149     1.39G   0.04375   0.06477         0    0.1085       201       416    0.7942    0.7733    0.7901     0.374   0.04216   0.03317         0
   107/149     1.39G   0.04343   0.06352         0    0.1069       204       416    0.8101    0.7395    0.7952    0.3535   0.04287   0.03303         0
   108/149     1.39G   0.04345    0.0619         0    0.1053       206       416    0.7904    0.7921    0.8054      0.35   0.04285   0.03234         0
   109/149     1.39G   0.04334   0.06149         0    0.1048       110       416    0.8221    0.8166    0.8314    0.3598   0.04213   0.03171         0
   110/149     1.39G   0.04347   0.06389         0    0.1074       146       416    0.8363    0.7665    0.7966    0.3346   0.04322   0.03246         0
   111/149     1.39G   0.04288   0.06095         0    0.1038       209       416    0.8359      0.79    0.8095     0.339   0.04283   0.03196         0
   112/149     1.39G   0.04333   0.06091         0    0.1042       139       416    0.8297      0.75    0.7945     0.356   0.04214   0.03351         0
   113/149     1.39G   0.04315   0.06204         0    0.1052       226       416    0.7815    0.7987    0.7972    0.3569   0.04294   0.03308         0
   114/149     1.39G   0.04301   0.06107         0    0.1041       121       416    0.8155    0.7667    0.7819    0.3345   0.04344   0.03282         0
   115/149     1.39G   0.04286   0.06078         0    0.1036       161       416    0.7981    0.8067    0.8108    0.3673   0.04157   0.03263         0
   116/149     1.39G    0.0424    0.0627         0    0.1051       180       416    0.7774     0.803    0.8038    0.3665    0.0419    0.0333         0
   117/149     1.39G   0.04304   0.06161         0    0.1046       212       416    0.8369    0.7865    0.8115    0.3479   0.04276   0.03237         0
   118/149     1.39G   0.04242   0.06301         0    0.1054       189       416    0.7758    0.7727    0.7837    0.3455   0.04239    0.0335         0
   119/149     1.39G    0.0428   0.06249         0    0.1053       186       416    0.8182    0.7667    0.8071    0.3327   0.04361   0.03234         0
   120/149     1.39G   0.04255   0.05986         0    0.1024       181       416    0.7892    0.7364     0.768    0.3378   0.04332    0.0341         0
   121/149     1.39G    0.0425   0.06175         0    0.1042       157       416    0.8061      0.79     0.807    0.3413   0.04319   0.03262         0
   122/149     1.39G   0.04248   0.06174         0    0.1042       182       416    0.7839    0.7498    0.7803    0.3552   0.04296   0.03334         0
   123/149     1.39G   0.04257   0.06274         0    0.1053       168       416    0.8236    0.7633    0.8152     0.371   0.04186   0.03262         0
   124/149     1.39G   0.04207   0.05995         0     0.102       170       416     0.815    0.7667    0.8052    0.3584   0.04244   0.03256         0
   125/149     1.39G   0.04159   0.06096         0    0.1025       177       416    0.8278    0.7533    0.8168    0.3693   0.04228   0.03247         0
   126/149     1.39G   0.04199   0.06217         0    0.1042       190       416    0.7546    0.8098    0.7984    0.3584   0.04233   0.03267         0
   127/149     1.39G   0.04225   0.06188         0    0.1041       201       416    0.8021    0.7699    0.7918    0.3542   0.04192   0.03296         0
   128/149     1.39G   0.04188   0.06114         0     0.103       182       416     0.816    0.7833    0.8057    0.3506   0.04279   0.03285         0
   129/149     1.39G   0.04211   0.06118         0    0.1033       163       416    0.8071     0.823    0.8103    0.3725   0.04176   0.03282         0
   130/149     1.39G   0.04187   0.06031         0    0.1022       241       416    0.8201    0.7598    0.7989    0.3416   0.04274   0.03216         0
   131/149     1.39G   0.04159   0.06003         0    0.1016       235       416    0.8404    0.7733    0.8108    0.3662   0.04182   0.03262         0
   132/149     1.39G   0.04181   0.05969         0    0.1015       189       416    0.8041      0.78    0.7879    0.3708   0.04218   0.03299         0
   133/149     1.39G   0.04145   0.06013         0    0.1016       236       416    0.8101      0.77    0.7993    0.3585   0.04188   0.03326         0
   134/149     1.39G   0.04155   0.06305         0    0.1046       182       416    0.8692    0.7533     0.798    0.3427   0.04275   0.03256         0
   135/149     1.39G   0.04144   0.06095         0    0.1024       206       416    0.8451    0.7667     0.814    0.3693   0.04108   0.03205         0
   136/149     1.39G   0.04191   0.06145         0    0.1034       127       416    0.7958    0.7666    0.8145    0.3691   0.04213   0.03271         0
   137/149     1.39G   0.04107   0.05973         0    0.1008       191       416    0.8624    0.7533    0.8211     0.367   0.04205   0.03161         0
   138/149     1.39G   0.04128   0.06037         0    0.1017       237       416    0.8015      0.77    0.7935    0.3571   0.04232    0.0333         0
   139/149     1.39G    0.0414    0.0604         0    0.1018       149       416    0.8123    0.7833    0.7988    0.3646   0.04209   0.03335         0
   140/149     1.39G   0.04088   0.06207         0     0.103       206       416    0.8042    0.7531    0.7686    0.3523   0.04189   0.03385         0
   141/149     1.39G   0.04065   0.06021         0    0.1009       143       416    0.8125    0.7833    0.8092    0.3567   0.04261   0.03253         0
   142/149     1.39G   0.04115   0.05983         0     0.101       211       416    0.8259      0.78    0.8262     0.361   0.04233   0.03199         0
   143/149     1.39G   0.04091   0.05996         0    0.1009       178       416    0.8314    0.7561    0.8143    0.3652   0.04148   0.03336         0
   144/149     1.39G   0.04067   0.05985         0    0.1005       136       416    0.8218    0.7533     0.813    0.3687   0.04202   0.03251         0
   145/149     1.39G   0.04079   0.06083         0    0.1016       167       416    0.7828    0.7933    0.8022    0.3724   0.04153   0.03259         0
   146/149     1.39G   0.04127   0.06122         0    0.1025       212       416    0.8184    0.7967    0.8187    0.3719   0.04187   0.03247         0
   147/149     1.39G   0.04048   0.05944         0   0.09992       209       416    0.7938    0.7967    0.7997    0.3606   0.04236    0.0324         0
   148/149     1.39G   0.04041   0.05977         0    0.1002       154       416     0.798    0.8032    0.8016    0.3598   0.04317   0.03253         0
   149/149     1.39G   0.04007   0.05961         0   0.09968       210       416     0.824    0.7667    0.8123     0.377   0.04289   0.03311         0
